0,2,0,5,20,0,8,9,20,7,3
2,0,0,4,8,5,18,10,8,18,0
0,0,0,0,8,0,6,6,13,11,2
5,4,0,0,15,11,10,6,16,1,7
20,8,8,15,0,12,14,7,6,7,3
0,5,0,11,12,0,2,2,8,1,0
8,18,6,10,14,2,0,16,9,4,6
9,10,6,6,7,2,16,0,17,13,18
20,8,13,16,6,8,9,17,0,1,7
7,18,11,1,7,1,4,13,1,0,2
3,0,2,7,3,0,6,18,7,2,0